0.4
0.74
0.67
0.7
1.16
1.67
0.99
1.24
1.02
0.99
0.75
0.68
0.59
0.57
0.56
0.54
0.54
0.57
0.51
0.47
0.43
0.42
0.45
0.48
0.49
0.52
0.48
0.47
0.47
0.52
0.5
0.53
0.62
0.81
0.74
0.82
0.9
0.88
0.84
0.89
1.03
0.89
0.74
1.65
1.88
2.02
2.22
2.33
2.23
2.07
2.24
2.16
2.16
2.3
2.13
2
1.84
1.84
2.1
2.09
1.83
2.61
2.56
3.19
3.11
2.33
2.04
1.81
1.88
1.59
2.77
2.84
1.33
2.11
2.71
2.35
4.23
4.93
5.8
3.52
3.44
3.41
3.57
3.49
2.35
6.16
8.05
8.2
8.3
7.68
10.12
10.38
14.93
16.79
14.29
5.41
3.09
2.22
1.58
5.5
5.99
10.58
11.09
11.1
11.43
9.85
8.31
7.68
7.32
5.18
8.97
9.91
10.07
10.32
9.08
11.72
12.85
13.38
11.32
12.18
12.32
14.42
11.76
9.45
14.4
14.89
15.42
16.53
16.64
16.63
15.98
16.2
17.01
17.02
17.33
17.92
17.76
18.43
18.61
17.84
16.76
14.46
13.18
13.21
13.44
14.71
15.99
15.65
15.73
17.45

