1.29
1.84
1.34
1.09
1.16
1
0.74
0.43
0.55
0.63
0.7
0.61
0.88
0.8
0.68
0.66
0.63
0.67
0.66
0.66
0.62
0.6
0.68
0.89
0.58
0.49
0.46
0.67
0.56
0.43
0.44
0.4
0.3
0.27
0.24
0.26
0.32
0.34
0.58
0.48
2.41
2.53
2.73
2.47
2.42
2.49
2.55
2.54
2.39
2.41
2.6
2.68
2.56
2.37
2.3
2.47
2.62
2.38
1.85
2.05
2.2
2.86
2.95
2.9
2.48
2.04
1.54
1.47
1.31
2.65
3.49
2.39
2.25
5.2
4.7
5.28
7.17
7.96
7.98
6.14
4.61
3.69
4.12
4.36
3.61
4.22
3.67
3.42
3.26
2.65
5.12
4.88
3.3
6.34
5.91
6.63
6.49
7.03
8.11
8.99
12.2
11.78
9.29
10.18
9.14
6.7
4.51
4.48
4.65
4.57
5.32
7.07
8.99
9.38
10.25
11.05
10.82
11.44
9.96
9.06
8.97
11.05
10.62
11.32
12.72
13.86
13.97
13.84
16.78
17.65
18.95
19.32
18.87
18.65
17.46
17.98
15.18
14.79
15.12
11.65
15.47
16.32
13.24
15.61
16.32
15.36
16.14
17.25
14.21
16.11


