1.06
1.13
1.38
1.95
1.04
2.92
1.65
0.58
0.34
1.33
0.35
0.34
0.59
0.51
0.42
0.49
0.58
0.6
0.75
0.67
0.63
0.62
0.56
0.39
0.37
0.29
0.32
0.36
0.37
0.41
0.42
0.5
0.7
0.7
0.54
0.47
0.43
0.33
0.35
0.36
0.41
1.9
2.14
2.12
2.12
2.17
2.07
2.1
2.13
2.16
2.06
2.26
2.46
2.16
2.3
2.27
1.63
1.52
1.54
1.59
2.13
1.78
2.39
1.75
1.58
1.67
1.3
1.07
1.01
1.13
2.18
2.81
3.99
2.06
4.04
5.64
5.41
6.05
6.17
6.44
6.05
5.83
4.86
4.4
6.47
7.63
7.82
7.03
4.41
5.64
7.1
4.7
4.58
4.31
3.93
8.03
9.23
9.76
9.87
10.23
11.14
13.25
9.96
11.23
12.36
12.25
11.64
10.84
8.79
8.41
9.62
9.48
9.11
10.23
10.78
11.64
12.35
12.57
12.74
13.12
10.25
11.01
11.32
10.86
11.64
12.36
13.69
16.21
17.54
18.68
18.47
18.98
19.35
15.68
16.47
16.35
14.78
15.26
15.45
14.67
12.39
14.12
13.47
15.42
14.11
13.57
12.68
13.68
13.56
13.68


