0.1
43.1
0.55
26.5
0.49
15.4
0.71
29.3
1.18
36.8
0.79
38.7
0.69
41
0.63
41.8
0.47
36.7
0.38
30.2
0.41
29
0.57
28.5
0.6
29.5
0.59
33
0.39
27
0.44
25.8
0.43
26.5
0.45
25.2
0.44
23.8
0.56
23.7
0.47
28.1
0.47
27.1
0.6
28.8
0.49
29.3
0.42
26.8
0.39
22.5
0.54
21.3
0.61
34.6
0.55
39.6
0.68
36.1
0.52
32.3
0.6
29.5
0.68
28.2
0.7
35
0.67
34.8
0.57
31.2
0.54
28.3
0.54
28.2
0.53
25.8
1.27
39.3
1.9
59.5
1.79
64.9
1.79
46.8
1.82
63.2
1.87
64.3
1.82
70.2
1.81
72.2
1.72
73.9
1.73
82.9
1.83
83.4
1.81
87
1.65
86.9
1.6
83.3
1.51
64.3
1.55
56.2
2.28
80.1
2.78
109
2.86
122.4
2.76
105.9
1.85
96.8
1.98
86
1.88
82.1
2.27
74.3
2.26
57.6
2.11
54.5
1.91
56.5
1.93
50.3
3.7
50.6
3.44
45.8
2.2
45.4
3.22
37.1
2.28
45.7
2.14
48.6
2.35
32.3
2.92
34.5
3.14
53.3
5.77
56
6.18
71.6
5.72
84.5
5.39
75.5
6.04
61.5
4.77
55.9
4.89
53.5
5.19
48.5
4.93
51.1
5.08
56.1
4.76
65.1
3.53
69
3.35
71.4
2.82
65.9
3.71
48.5
3.3
53.5
3.1
56.7
4.18
60.9
1.78
70.5
2.74
65.4
8.43
75.5
8.98
93.3
9.21
97.5
8.59
105.5
8.75
111.8
8.43
119.9
8.64
117
8.88
104.6
9.47
106.9
8.87
112.1
8.72
112
8.16
113.3
7.75
101.2
6.91
97.5
7.08
93
8.59
76.3
7.89
69
9.55
90.9
11.77
98.2
11.49
114.9
11.81
114
12.13
101.3
11.46
102.7
6.54
101.8
5.77
79.7
4.76
59.4
4.1
62.1
3.56
77.4
4.28
53.7
4.71
49
6.63
61.9
11.41
73.5
13.48
129.9
15.91
152.1
17.07
152.9
17.1
138.7
17.54
147.6
18.8
147.7
18.59
147.4
17.69
147.6
17.75
140.8
15.64
142.4
12.11
140.5
13.13
139.1
14.35
121.6
15.74
139.1
17.09
152.2
16.49
155.4
17.33
158.3
16.21
157
16.49
144.7
15.66
146.2
15.63
148
14.95
146.8
14.62
143.6
13.18
128.2
12.58
131.6
13.91
133
13.03
137.2
15.53
141.1
15.88
127.7
15.22
141
14.36
149.8
14.78
150.1
14.55
149.9
14.48
137.6
15.18
146.5
15.01
153.5
17.08
158.4
19.5
171
19.84
164.6
19.5
189.2
19.66
186.1
18.22
186.2
17.46
164
16.05
163.8
13.88
163
13.43
126.5
5.8
126.7
2.39
103.8
0.94
34.9
1.06
17.4
1.26
21
1.92
32.9
1.63
36.1
1.31
31
1.17
22.5
1.06
17.9
0.99
15.9
0.96
12
0.95
11.9
0.97
10.6
0.98
9.4
0.93
9.1
1.06
9.4
1.05
8.6
1.02
7.4
0.96
7.1
0.97
6.8
1
6.9
1.25
9.5
1.29
13.9
1.5
16.7
1.57
16.4
1.16
13.7
1.24
10.4
1.07
8.3
1.23
9.2
1.33
9.7
1.1
8.4
1.04
9.2
1.5
9.8
1.3
9.4
1.07
8.3
1.03
9.5
0.99
7.1
1.02
6.5
1.42
11.1
1.77
18.9
2.18
46.8
2.55
78.4
3.01
88.2
3.07
89.3
2.96
90.5
2.86
83.4
2.91
77.4
2.83
74
2.82
74
2.64
72.2
2.65
66.5
2.75
67.2
2.78
69.7
2.84
74
2.83
78.8
2.77
89.9
3.11
89.6
3.41
95.7
3.32
96.1
3.54
109.1
3.44
142
3.21
130.7
3.3
121.1
3.05
112.3
3.13
111
2.96
103.9
2.86
103.6
2.79
105.1
2.86
104.1
2.83
106.7
2.69
106.1
2.78
112.8
2.74
111.9
2.67
106
2.57
106

