0.81
0.38
0.24
0.43
0.69
0.55
0.55
0.33
0.39
1.01
1.04
0.85
0.95
0.85
0.84
0.79
0.73
0.68
0.7
0.73
0.57
0.6
0.53
0.54
0.58
0.44
0.35
0.44
0.42
0.37
0.35
0.35
0.49
0.63
0.72
0.61
0.51
0.42
0.4
0.43
0.43
1.86
2.29
2.2
2.28
2.21
2.42
2.62
2.64
2.63
2.46
2.37
2.32
2.41
2.32
2.26
2.88
3.12
3.24
4.54
3.87
2.88
3.12
3.45
4.67
2.43
1.67
1.89
2.68
3.48
5.34
6.48
6.47
5.23
5.12
4.62
4.36
5.48
5.79
6.45
3.29
3.48
4.56
3.25
4.56
2.13
5.47
6.35
4.35
3.48
4.68
5.12
7.17
6.14
5.68
6.32
4.51
5.68
6.14
5.36
5.36
6.45
5.48
6.37
5.45
5.61
5.48
6.95
7.15
8.95
12.47
11.35
9.59
8.67
7.98
8.69
9.46
10.48
10.69
11.26
13.46
16.48
16.17
17.63
16.48
16.47
18.45
18.36
19.67
19.38
18.73
19.82
19.76
18.26
17.16
19.37
19.57
19.32
12.35
11.87
13.56
14.57
14.56
15.34
11.58
13.69
15.46
14.38
15.12
15.26


