0.78
0.33
0.32
0.81
1.4
1.05
0.97
1.15
1.15
1.04
0.78
0.53
0.61
0.7
0.75
0.73
0.69
0.86
0.87
0.85
0.68
0.57
0.52
0.49
0.47
0.51
0.58
0.61
0.61
0.69
0.6
0.68
0.67
0.79
0.83
0.75
0.72
0.72
0.69
0.8
0.79
0.61
0.57
0.54
0.58
1.64
1.81
1.76
1.79
1.8
1.83
2.1
2.39
2.57
2.3
2.38
2.55
2.51
2.75
2.87
2.93
3.07
3.61
3.46
3.7
3.6
3.07
3.22
2.2
2.09
2.51
4.17
4.73
4.98
5.13
4.95
5.62
5.74
5.82
6.27
5.97
4.61
6.13
5.05
3.56
4.83
6.65
6.93
7.36
7.12
4.41
4.92
6.51
5.6
4.28
4.95
5.15
4.91
6.89
6.62
4.58
3.5
4.58
3.87
4.54
5.01
5.13
5.34
5.44
5.82
5.82
6.03
5.92
8.03
10.41
9.49
9.13
8.03
8.07
8.69
9.57
9.25
7.45
11.8
13.7
13.53
13.36
13.95
13.74
13.89
15.09
17.64
18.89
19.77
16.05
17.32
18.86
16.89
18.15
17.99
16.49
14.53
14.53
14.45
14.37
13.79
11.82
13.66
14.36
14.6


