1.16
0.87
0.86
1.13
0.96
0.96
0.96
0.92
0.86
0.8
0.8
0.79
0.78
0.78
0.81
0.8
0.79
0.61
0.6
0.56
0.51
0.46
0.4
0.38
0.39
0.43
0.39
0.42
0.41
0.5
0.5
0.88
0.73
0.68
0.81
0.68
0.64
0.62
0.64
0.61
0.69
0.63
0.42
0.37
0.36
0.41
0.52
0.45
0.43
0.44
1.76
1.91
2.01
1.93
1.99
2.33
2.97
3.46
3.63
3.84
2.84
3.49
1.71
2.44
2.38
2.87
3.71
3.57
3.54
4.82
4.57
3.29
2.6
3.22
2.9
2.77
2.72
3.55
2.41
2.31
3.92
5.15
5.6
6.29
7.21
7.53
9.64
10.6
10.71
8.51
8.93
8.63
8.49
10.46
10.64
9.8
7.74
4.91
5.97
8.53
6.22
8.08
6.31
8.9
9.09
9.96
10.16
10.29
10.49
9.35
8.66
8.38
6.73
10.15
10.26
9.92
10.66
13
14.8
15.04
14.36
14.66
14.8
13.41
11.95
14.38
12.7
12.25
12.19
12.21
12.9
13.67
15.23
16.45
18.67
18.46
19.32
18.46
17.35
18.35
12.46
13.26
12.34
16.48
15.37
16.28
14.29
14.24
15.02
15.13


