1.17
1.07
1.17
0.56
0.59
0.66
0.71
0.78
0.88
0.85
0.86
0.95
0.89
0.95
0.68
0.69
0.73
0.73
0.77
0.69
0.59
0.46
0.38
0.39
0.46
0.51
0.48
0.44
0.35
0.5
0.46
0.5
0.4
0.34
0.41
0.41
0.42
0.42
0.42
0.41
0.38
0.37
0.39
0.72
1.52
1.99
1.95
2.13
2.19
2.19
2.37
2.49
2.41
2
2.04
2.11
2.29
2.13
2.44
2.61
2.57
1.96
2.66
3.15
2.39
2.34
3.13
3.59
3.34
3.24
4.14
3.46
3.68
1.93
2.02
1.98
3.82
4.26
4.76
5.66
5.5
5.64
4.61
4.75
6.19
5.88
5.34
4.82
4.54
5.14
6.63
10.28
10.8
9.22
12.37
14.11
15.42
16.22
12.91
9.27
2.68
10.07
11.16
9.37
12.18
14.62
14.31
13.32
13.29
12.49
11.26
12.63
9.89
8.84
7.53
5.06
7.66
8.54
8.36
8.57
8.53
8.57
5.83
8.46
9.72
9.41
9.77
10.59
10.72
11.69
12.79
13.34
13.72
14.62
15.39
15.29
16.46
16.95
17.32
17.55
17.78
17.22
17.84
16.09
13.54
15.35
16.79
16.92
16.36
17.33

