0.61
0.91
0.75
0.56
0.65
0.46
0.52
0.5
0.86
0.86
0.85
0.92
0.86
0.7
0.62
0.47
0.41
0.47
0.51
0.5
0.43
0.54
0.64
0.5
0.47
0.45
0.52
0.45
0.35
0.25
0.49
0.66
0.56
0.42
0.32
0.33
0.3
0.3
0.3
0.29
0.37
0.45
0.44
0.38
0.3
0.26
0.22
0.19
0.18
1.06
1.65
2.18
2.34
2.32
2.29
2.13
2.05
1.97
2
2.44
2.08
2.07
1.9
1.83
1.61
1.32
2.01
1.41
1.07
1.59
1.65
1.22
1.19
1.08
1.05
1.15
4.06
4.87
4.44
4.67
3.91
4.19
4.38
4.06
2.84
5.97
5.81
6.04
7.07
6.45
5.64
7.9
10.21
12.44
12.71
10.85
7.77
6.38
5.86
5.98
6.7
13.47
14.22
14.6
14.59
15.32
10.51
7.71
7.08
7.03
8.3
8.07
8.56
6.81
6.12
5.76
4.63
4.75
5.49
6.65
4.03
7.56
9.72
11.96
12.05
12.31
12.98
13.55
14
14.4
16.31
17.36
17.48
17.24
17.32
17.1
17.17
17.27
17.07
17.06
17.41
17.15
16.85
14.1
16.01
16.94
17.09
16.98
17.22
17.14

