0.77
1.02
0.7
0.69
0.79
0.86
0.76
1.7
1.66
1.61
1.41
1.37
1.36
1.34
1.48
2.08
2.42
2.82
2.97
2.92
2.11
2.17
1.94
1.77
1.79
1.84
1.94
2.39
2.35
2.6
2.43
2.59
2.47
2.64
2.63
2.47
2.29
2.15
2.14
1.76
1.55
1.57
1.83
1.58
1.71
1.69
1.68
1.4
1.42
1.43
1.46
1.55
1.9
1.88
2.72
3.39
3.13
3.47
2.69
3.34
4.21
4.96
3.53
4.02
4.3
5.05
5.03
4.69
1.96
2.22
3.87
5.57
4.71
5.95
6.36
6.34
4.01
4.96
4.55
3.53
5.66
5.7
2.56
2.55
4.87
4.23
4.73
1.48
2.11
2.31
5.84
7.14
2.34
7.69
8.17
8.21
4.93
3.68
10.44
12.05
11.83
10.49
9.99
10.24
11.02
11.24
10.43
9.58
9.16
8.92
7.97
9.66
9.44
9.71
10.89
10.85
8.21
9.86
10.17
10.02
