0.13
9.6
0.54
16.7
0.66
29.8
0.68
45.4
0.73
60.8
0.78
59.5
0.75
56.5
0.72
54.3
0.71
52
0.61
48.7
0.52
40.3
0.5
35.3
0.42
33.8
0.39
27.3
0.39
25.1
0.38
23.9
0.47
16.2
0.34
24.3
0.33
21.6
0.31
17.5
0.58
19.3
0.61
23.6
0.65
28.2
0.72
27.5
0.81
28.7
0.94
29.1
1.03
33.8
1.2
38.4
1.59
59
2.14
81.8
2.14
92.4
2.14
98.8
2.14
97.6
2.26
109.7
2.28
110.1
2.11
106.1
2.08
91.6
1.97
82.1
2.24
82.3
2.53
89.9
2.5
83.3
2.36
67.7
2.18
60.8
2.42
46.4
2.25
113.1
2.76
146.6
2.54
140.3
2.46
117.5
2.35
97
2.32
76.4
2.22
70.9
2.19
65.3
2.1
58.7
2
53.9
1.83
48
1.74
42.5
1.83
51.3
1.58
49
1.73
39.9
2.08
51
1.65
43.4
1.63
65.8
1.8
57.5
1.65
65.8
2.64
70.9
1.91
62.3
1.72
67.2
1.86
60.4
1.77
66.9
1.64
51.3
2.5
47.4
2.41
63.9
1.68
71.5
4
74.2
2.82
76.3
2.44
55.6
1.87
55.6
1.73
53.4
1.67
43.3
1.38
48.6
1.47
32.3
1.24
21.9
1.19
17.8
1.25
18
1.22
19.1
1.28
19.9
1.24
22.7
1.34
31.6
1.24
28.4
1.01
19
0.96
14.3
0.95
13.3
0.93
12
0.9
10.9
0.87
9.6
0.85
8.6
0.83
8.1
0.84
7.9
0.88
8.1
0.86
8.1
0.85
8
0.83
8
0.92
10.6
0.9
9.5
0.87
8.4
0.78
7.9
0.82
7.9
0.89
7.9
0.8
8.4
0.82
8.2
0.85
8.1
0.89
8.6
1.05
9.8
0.87
11.8
0.8
8.1
0.93
12.9
0.96
13.9
0.94
13.7
0.92
11
0.9
11.1
0.85
15
0.98
10.3
0.98
10.5
1.16
13.6
1.01
14.3
3.97
13.2
6.59
32.2
7.75
54.4
7.71
74.6
5.77
76.1
5.45
119.7
4.23
104.2
7.56
87.5
9.18
84
8.53
119.5
8.35
120
9.14
97.9
9.36
116
9.33
121.4
9.16
122.4
9.56
116.2
6.66
142.8
5.05
136.6
6.3
94.8
2.26
74.7
1.21
49.5
1.18
25
1.19
22.8
1.18
21.7
1.15
21.6
1.27
20.1
1.64
26.3
1.29
26.1
1.47
23
1.3
21.5
1.35
19.5
1.13
16
1.48
20.6
1.24
20.3
1.13
16.1
1.14
16.2
1.86
15.9
1.03
14.9
1.25
16.1
1.3
12.4
1.01
11.3
0.98
10.4
0.97
10
0.97
9.6
1.03
11.1
1.17
13.1
1.44
19
1.14
17.6
1.12
16.6
1.19
15.2
1.25
15.5
1.1
16.5
1.04
16.5
1.04
15.4
1.04
14.4
1.04
12
1.22
11.7
1.05
11.3
1.02
10.9
1
10.6
0.99
10.6
1
9.5
1.18
10.7
1.45
12.5
1.55
19.5
1.69
25.4
1.9
34.8
1.99
52.2
2.05
75.2
2.12
71.3
2.19
69.2
2.3
70.9
2.21
72
2.14
71.1
2.16
73.1
1.96
63.2
1.98
61.1
2.13
63.8
2.21
61.7
2.46
81.7
2.53
89.4
2.45
85.7
2.43
80.1
2.62
93.7
2.33
93.7
2.22
92.3
2.14
83.6
1.97
79.6
2.01
74.4
2.08
69.4
1.92
69.2
1.93
59.9
1.87
57.1
2.15
61.5
2.17
74.4
2.27
90.3
2.37
93.1
2.37
99.5
2.26
93.7
2.37
85.7
2.76
108.1
2.62
112.8
2.59
100.8
2.49
119.7
2.58
112.8
2.48
120.3
2.67
160.6
2.97
119.6
2.48
104.7
2.42
97.6
3.05
139.4
3.25
136.6
3.74
149.1
4.78
215.6
3.74
132.4
2.35
101
2.18
92.2
2.01
63.8
1.8
56.3
1.8
51.6
1.77
53.4
3.91
72.5
6.75
142.7
3.62
156.3
3.03
137.5
2.93
107.2
3.57
110.4
3.83
163.7
4.1
174.2
4
157.7
3.68
146.7
3.45
134.9
3.41
120.2
3.25
94.3
2.98
96
3.15
81.7
2.97
74.9
3
74.1
2.98
80
3.18
86.2
3.26
137.6
3.22
130
3.17
106.4
3.16
103.9
3.3
102.7
2.84
137.5
2.54
128.7
2.48
80.9
2.03
57.7
1.41
52.7
1.56
40
1.75
34.2
1.75
34.9
2.29
40.5
2.44
74.9
3.17
76.9
3.15
118.4
2.39
81.5
2.12
50.6
2.12
54
3.01
64.9
2.58
102.4
3.05
155.3
3.31
127
2.75
131.4
3.98
142.3
2.58
148.2
4.42
144.4
5.16
197.8
4.87
126.9
2.79
92
3.48
100.8
2.7
106
3.14
144.7
3.33
146
2.85
130.9
2.81
86.6
2.63
62.9
2.59
112.2
4.36
180.7
6.29
139.2
5.71
98
3.79
119.3
5
109.1
4.85
100.8
4.25
148.4
2.78
86.8
3.99
106.4
3.53
130.9
3.23
143.5
3.18
96.5
1.84
85.8
1.97
62.6
3.05
58.1
2.07
73.1
2.06
63
2.64
58.6
2.01
54.2
2.14
74.6
2.5
86.7
4.12
145.3
3.26
152.6
5.71
126
2.78
102.3
1.83
74.9
1.75
32.3
2.26
32.3
