0.25
6.5
0.32
9.7.4
0.85
9.6
1.02
13.1
0.52
15.2
0.33
20.9
0.50
18.9
0.57
19.6
0.48
19.7
0.41
15.5
0.32
13.5
0.29
13.0
0.25
9.5
0.27
10.1
1.25
23.6
2.37
29.7
1.40
42.3
0.33
14.6
0.26
7.2
0.24
6.0
0.24
5.8
0.23
5.6
0.23
5.4
0.24
2.3
0.24
2.5
0.24
2.7
0.24
2.7
0.23
2.5
0.23
1.7
0.27
1.8
0.28
1.8
0.28
1.9
0.29
2.0
0.30
2.0
0.32
3.0
0.35
3.1
0.36
5.0
0.36
4.6
0.36
4.8
0.38
3.5
0.38
3.8
0.39
4.3
0.40
5.0
0.38
4.7
0.39
3.8
0.39
2.6
0.39
2.1
0.38
2.3
0.39
2.4
0.39
2.6
0.40
2.9
0.43
3.3
0.45
3.8
0.45
3.9
0.46
4.0
0.46
4.1
0.47
3.0
0.50
4.4
0.44
4.3
0.44
4.0
0.47
3.9
0.47
2.9
0.48
3.1
0.50
3.2
0.50
3.3
0.52
3.2
0.52
1.9
0.51
2.3
0.53
2.6
0.53
2.9
0.52
3.0
0.51
3.3
0.50
3.4
0.54
3.5
0.56
3.7
0.56
3.8
0.56
4.0
0.57
3.3
0.56
3.8
0.57
4.0
0.58
4.0
0.58
4.2
0.59
4.3
0.59
4.7
0.59
4.8
0.60
4.9
0.61
5.1
0.62
7.1
1.55
37.1
2.34
69.8
2.36
96.8
2.16
101.4
2.05
100.0
2.04
112.0
2.25
109.0
2.33
108.0
2.24
106.1
2.10
108.0
1.93
105.7
1.94
99.7
1.93
99.7
2.04
90.4
2.14
86.6
2.27
90.7
2.05
94.8
1.96
111.4
1.93
112.4
2.00
108.3
2.29
99.5
2.56
95.3
2.48
97.2
2.33
89.4
2.32
85.5
2.10
80.1
1.63
69.6
1.67
53.9
1.72
38.1
1.94
37.2
1.83
38.8
1.88
43.9
1.79
46.5
1.80
48.1
1.70
48.8
1.68
48.8
1.78
45.9
1.77
43.3
1.60
35.0
1.51
32.0
1.56
30.0
1.53
27.8
1.52
24.1
1.67
25.3
1.41
38.1
1.58
34.5
1.57
37.5
1.41
39.1
1.39
33.3
1.58
28.4
1.73
34.2
1.89
37.6
1.97
36.5
2.13
40.4
2.35
45.6
2.86
94.7
1.80
70.6
1.65
46.8
1.85
43.3
1.83
52.8
1.64
52.2
1.62
53.0
1.77
57.9
1.74
62.7
1.81
65.2
1.81
69.9
1.85
72.0
1.87
68.8
1.94
66.5
2.09
68.8
1.89
68.6
1.96
69.3
1.96
66.5
1.95
64.9
1.92
58.3
1.85
53.6
1.85
53.2
1.98
55.1
1.88
56.8
1.81
54.8
1.86
50.9
1.79
45.5
1.91
46.5
2.07
47.8
2.21
49.2
1.92
55.9
1.77
48.5
1.64
48.6
1.84
45.9
1.85
41.1
1.81
37.5
1.70
31.0
1.70
30.7
1.66
30.2
1.60
31.1
1.84
27.4
1.90
27.8
2.31
41.3
2.69
76.8
2.92
90.5
2.92
93.3
2.94
97.5
3.09
102.9
3.16
108.1
3.33
107.6
3.42
112.9
3.65
114.8
3.90
125.5
4.15
151.2
4.13
150.0
4.14
151.5
4.11
148.6
3.76
142.8
3.19
128.1
3.25
121.5
3.11
113.0
3.10
112.2
3.08
113.2
2.97
110.9
2.84
93.5
2.69
84.8
2.62
74.2
2.72
61.8
2.58
61.4
2.77
77.0
2.96
84.5
3.05
93.1
3.42
122.3
3.66
122.8
3.71
140.9
7.40
157.2
8.48
167.6
5.64
159.1
4.57
147.7
3.83
103.8
2.83
67.9
2.94
77.6
3.02
96.2
3.09
109.2
3.23
115.2
3.61
125.6
3.69
141.3
3.74
166.7
3.51
188.7
3.22
187.0
3.07
175.3
3.06
162.2
3.11
155.4
3.12
150.0
3.12
136.5
3.21
132.1
3.12
119.3
3.03
109.5
2.99
105.5
2.90
85.9
2.81
78.6
2.79
72.9
2.91
72.0
2.90
71.7
2.98
71.1
3.05
75.2
3.03
77.6
2.87
80.3
2.69
77.3
2.73
75.0
2.73
72.6
2.81
74.7
2.70
76.2
2.31
82.9
2.40
75.7
2.36
60.6
2.18
65.7
2.25
62.9
2.32
61.5
2.29
61.9
2.31
73.2
2.33
102.7
2.39
110.4
2.35
104.7
2.57
103.7
2.74
112.1
2.71
136.4
2.78
141.7
2.85
139.1
2.95
138.3
2.85
138.1
2.73
138.0
2.67
133.6
2.66
133.5
2.73
130.0
2.73
117.8
2.61
107.0
2.52
93.0
2.41
92.2
2.62
91.7
2.72
92.4
2.60
95.1
2.46
95.0
2.42
90.7
2.21
86.6
2.06
79.9
1.99
69.7
1.99
62.8
2.08
56.4
2.08
39.8
1.99
43.7
1.91
47.4
1.76
47.3
1.75
42.3
1.63
35.6
1.94
37.3
1.84
36.1
1.82
34.2
1.89
33.1
1.88
32.6
2.06
44.3
2.01
52.8
1.93
53.6
2.00
49.1
2.01
43.3
1.98
36.9
2.09
40.4
2.07
41.1
2.14
43.8
2.08
44.4
2.06
44.0
2.17
41.8
2.19
40.5
2.16
38.7
2.17
37.4
2.20
34.0
2.33
35.8
2.29
38.1
2.29
38.7
2.28
37.3
2.27
31.4
2.18
32.0
2.64
38.7
2.38
36.5
2.21
34.2
2.25
28.7
2.09
42.3
2.46
38.2
1.85
32.5
1.84
29.4
1.71
28.1
1.88
29.4
2.15
44.9
2.09
55.1
2.26
61.4
2.15
61.6
1.81
55.6
1.70
48.5
1.57
36.4
1.59
27.7
1.48
22.2
1.49
18.4
1.59
14.4
1.77
15.3
1.92
17.0
1.91
17.1
1.86
15.8
1.79
14.9
1.78
15.2
1.81
14.9
1.65
26.6
4.97
45.3
6.44
56.4
5.53
92.2
8.41
76.8
7.34
66.7
2.74
99.2
1.83
90.7
1.76
33.8
1.47
25.0
1.43
17.6
1.45
17.3
1.50
14.7
1.48
9.5
1.51
9.5
1.63
10.2
1.64
11.1
2.27
26.5
3.61
35.8
5.19
62.2
5.61
93.9
6.54
96.5
6.96
72.3
7.05
75.0
8.73
70.4
8.94
67.5
9.14
86.6
8.76
98.9
8.45
102.3
8.89
95.5
8.12
106.6
7.63
89.5
7.59
76.1
6.98
95.2
7.36
86.6
9.88
74.2
9.12
71.2
9.14
86.6
8.15
94.8
6.84
109.5
5.99
116.3
6.45
96.5
5.81
85.1
5.02
63.4
5.46
56.6
5.88
69.8
5.61
69.8

