0.63
0.46
0.75
0.61
0.48
0.32
2.96
0.93
0.52
0.94
0.81
0.91
0.75
0.77
0.78
0.90
0.95
1.03
1.06
1.16
1.94
2.16
1.77
1.59
1.65
1.54
1.31
1.09
1.07
1.01
1.00
0.95
1.10
1.11
1.22
1.33
1.29
1.41
1.56
1.40
1.07
0.95
0.89
0.97
1.11
1.31
3.35
2.75
1.72
1.62
1.88
1.53
1.60
1.70
1.98
2.03
3.27
2.77
2.48
3.54
3.27
3.50
3.93
3.14
4.72
4.29
4.50
3.55
2.89
2.04
1.30
2.22
1.59
2.36
1.17
1.97
1.58
1.31
1.37
0.90
1.25
2.88
2.77
1.13
1.34
3.00
5.25
6.03
7.24
6.25
5.34
4.29
6.04
6.34
6.85
7.10
5.69
6.59
5.97
4.69
6.59
6.65
6.34
6.25
5.91
4.98
6.15
6.34
6.51
6.68
7.16
4.98
3.57
6.51
6.38
6.50
5.65
5.73
5.91
6.14
5.63
4.18
4.33
4.69
5.04
6.61
4.27
3.11
1.95
1.64
4.29
5.33
5.68
6.27
5.35
4.28
4.19
3.36
4.26
4.33
5.01
5.36
5.24
4.91
4.55
5.38
6.07
6.19
5.94
4.38

