0.71
19.5
1.73
13
1.73
33.7
1.87
19.2
1.55
34.9
1.63
44.6
1.24
43.8
1.22
44.3
1.03
38.7
0.99
38.8
1.4
47.9
1.38
61.7
1.55
60.6
1.24
50.7
1.1
44.4
0.95
35
0.89
26.7
0.81
23.6
0.72
19.7
0.64
20.3
0.71
20.3
0.66
20.2
0.62
16.3
0.78
18.9
0.75
19.3
0.71
16.5
0.64
14.6
0.62
13.4
0.54
13.1
0.52
13
0.68
13.8
0.68
13
0.64
16.4
1.47
17.3
0.81
16.5
0.89
16
1.03
17.1
1.1
24.9
1.17
24.3
1.2
24.3
1.36
27
1.24
26.8
1.28
23.7
1.36
23.8
1.36
24.8
1.35
26.5
1.41
26.8
1.42
28
1.35
27.9
1.32
27.2
1.29
25.2
1.49
25.2
2.53
35.1
2.36
64.8
2.62
62.9
2.1
45.6
2.06
48
2.24
46.5
1.77
43.3
1.77
40.1
1.87
32.6
1.46
31.4
3.55
41.9
3.25
50.2
2.15
29.8
1.28
22.5
1.91
26.8
2.93
27.8
2.93
32.8
2.41
28.1
3.18
31.7
2.83
28.6
2.89
33
3.53
35.1
3.51
28.3
3.29
29.6
3.01
20.7
2.02
31.7
6.25
29.6
3.76
53.4
2.64
55.3
3.86
31
4.22
30.9
4.08
39.2
3.83
52.1
4.22
50.9
2.38
69.7
1.24
55.5
1.87
35.6
3.22
26.8
2
42.7
4.53
41.3
4.89
39.5
4.57
51.1
5.3
47.5
5.18
45.3
5.5
47.1
5.93
46.9
6.08
55.2
6.63
65.1
7.11
70.9
8.01
72.7
7.99
77.3
7.89
78.2
6.24
99.3
6.85
83.4
6.15
63.8
5.93
57.3
5.84
45
6.54
44.7
7
53.1
7.76
66.6
8.75
74.2
10.2
76.3
10.03
86.6
10.44
84.8
10.34
89.3
10.8
89.1
9.43
84.8
7
69.1
6.59
69.1
7.13
68
8.11
67.1
9.5
83.5
10.42
84.1
11.14
87.1
11.07
92.2
11
99.2
11.75
97.9
10.46
90.4
8.92
78.9
9.23
75.7
8.84
75.5
10.19
76.2
8.75
134
3.17
102.2
4.38
52.4
3.94
35.5
2.31
45.4
2.88
50.3
3.76
36.8
2.56
68.6
3.33
62.2
2.66
42.3
1.88
41
1.91
31.6
2.49
28.6
1.67
38
1.34
34.5
1.02
19.2
0.97
12.3
0.94
11.6
1.33
24.8
2.18
25.9
1.77
26.7
1.55
22.8
1.42
16.2
1.16
12.2
1.01
11
1.34
11.8
1.26
10.5
1.2
10.8
1.18
12
1.4
17.4
2.41
27.8
3.08
26.5
3.84
41.1
4.46
40.9
2.18
59.6
1.18
46.6
1.14
23.4
1.1
14.6
1.08
13.6
1.28
13.8
1.36
19
1.32
21.6
1.74
20.8
1.57
20
1.3
19.3
1.28
17.9
1.26
15
1.38
17.9
1.43
17.9
1.69
21.6
1.68
28.9
2.31
46.7
2.75
46.7
2.26
46.9
2.26
46.4
2.3
55.7
2.37
51.8
2.32
29.8
1.57
28.6
2.03
25.6
2.17
30.7
2.33
30.9
1.62
21.8
1.71
21.7
2.36
28.8
2.35
52.7
3.82
43.4
2.3
41.7
2.72
28.3
1.61
25.2
2.48
29.3
1.75
23.8
1.78
17.6
1.35
11.4
1.39
11.8
1.32
10.6
1.27
11.7
1.94
19.3
2.29
31.6
2.6
51.9
3
68.2
2.99
79.7
3.09
85
3
79
2.9
73
2.77
70.7
2.52
65.3
2.47
62.3
2.33
60
2.44
58.5
2.71
64
2.72
67.6
2.92
73.1
2.94
80.1
3.05
91.9
3.09
92.5
2.99
92.2
2.88
88.6
2.78
84.7
2.67
74.4
2.45
69.1
2.41
68.6
2.32
67.9
2.26
66.7
2.22
64.6
2.17
61.7
2.15
60.7
2.1
59.3
2.14
60.7
2.13
55.8
2.06
53.2
2.15
56.9
2.3
57.8
2.52
56.6
2.64
58.6
2.86
78.7
2.65
110.6
4.1
110.7
3.65
90.8
2.97
68.8
2.63
66.8
2.85
68.7
2.95
96.6
4.79
111.1
5.01
112.2
4.87
110.3
4.47
113
4.83
152.2
4.41
131.1
3.64
112
3.32
82.3
2.94
68.6
2.73
59.1
2.35
58.3
2.32
57.5
2.29
53.3
2.23
62.6
3.66
120.7
5.49
140.3
5.48
147.9
5.51
151.8
5.9
167.7
7.05
180
5.41
194.2
4.27
131.4
2.76
87.8
2.01
75.1
1.99
61.7
2.01
52
1.97
49.4
1.91
51
2.32
45.6
1.97
20.4
1.66
24.4
1.79
30.1
2.11
36.9
2.17
49.5
2.97
83.6
3.47
88.3
2.44
74.8
7.29
154.5
5.05
200
3.58
162.8
3.26
108.7
3.01
93
2.68
88.6
3.58
93.2
4.91
116.4
9.1
117.8
7.81
138.8
10.04
42.2
2.04
41
1.72
39.9
1.64
38.7
1.61
38.5
1.53
38.4
1.49
37.2
1.46
36
1.43
29.2
1.3
28.7
1.29
27.4
1.27
26.1
1.24
24.9
1.22
24.3
1.3
25.1
1.67
25.4
1.65
26.9
2.1
31.8
2.5
32.1
1.93
29.1
1.75
25.9
1.93
31.9
2.59
65.1
5.46
64.8
4.99
79.9
3.35
78
3.13
68.1
3.07
68.8
2.33
57.6
1.83
49
2.06
44
2.67
46.1
4.13
95.6
4.21
108.2
5.72
92.4
4.16
103.4
4.76
90
4.68
93.8
6.18
101
4.92
91
4.36
89.1
4.14
90.6
4.57
112.5
4.4
113.6
6.71
94.3
6.34
113.2
5.2
118.4
6.96
101.8
8.41
95.9
7.27
112.6
8.03
106.8
8.82
105.4
9.31
118.1
9.36
125.3
8.99
126.4
9.02
138.8
10.14
203.7
7.8
218.9
6.93
143.8
6.06
142.2
6.25
121.6
4.71
103.5
5.18
99.6
10.8
97.6
10.47
117
10.99
193.8
9.46
201.7
10.38
156.7
9.44
156.7
8.9
161.8
8.29
189.4
11.52
208.7
10.89
119.9
10.35
158
10.31
185.3
10.44
202.3
10.4
227.6
9.3
196.4
9.71
191.4
9.82
185.1
9.38
195.1
10.04
193.9
10.11
194
