1.96
43.7
1.82
57.6
1.51
36.4
0.6
25.7
0.47
21
0.49
28.7
0.51
32.7
0.55
34.6
0.48
35.6
0.62
35.7
0.62
34.8
0.57
29.8
0.36
19.1
0.23
17.7
0.29
17.8
0.28
23
0.73
31.7
0.89
41.4
1.1
54.2
1.17
57.9
1.21
56.8
1.07
50.3
0.98
42.1
0.77
35.7
0.75
27.7
0.57
25.6
0.51
24.2
0.79
24
0.58
22.6
0.55
21.5
0.53
20.7
0.52
20.1
0.63
20.9
0.84
25.7
0.85
28.2
0.86
27.3
1.02
27.6
0.96
30
0.97
35.4
0.97
38.5
1.06
40.5
1.02
40.6
1.1
39.5
0.94
35.9
0.92
33.1
0.87
31.3
0.95
25.9
1.18
30.2
1.19
37.8
1.27
49.7
1.44
45.7
1.17
41.9
1.25
46.1
1.55
53.1
1.88
62.3
2.33
77.6
2.71
78.4
2.64
68.3
3.52
67.4
3.35
88.2
3.21
83.4
2.79
79.7
2.57
46.9
1.87
43.1
1.91
58.8
2.33
50.7
2.47
41.3
1.56
53.9
2.51
46.5
2.71
33.4
2.32
36.1
1.59
49
2.24
63.4
5.4
124.1
4.47
82.9
3.41
74.6
3.36
78.2
3.52
82.5
4.13
82.3
3.95
84.1
3.9
87.3
4.36
76
3.25
89.8
2.49
95.8
3.13
93
4.03
89.9
4.29
85.2
5.07
88.6
5.21
101
4.81
105.7
5.07
104.9
5.01
99.4
4.93
99.8
4.95
103.2
5.65
106.4
5.94
110.2
6.48
129.6
6.92
145.5
6.77
138.7
5.83
146.9
3.07
125.4
1.94
62.6
2.79
59.4
2.83
97.7
2.91
105.3
3
87.7
2.51
83.3
6.96
102
7.24
111.9
7.41
113.6
7.41
121.8
8.42
131.9
9.26
142.9
9.14
144.1
7.94
121.7
7.91
123
8.84
138.3
8.55
153.7
9.4
162.1
8.59
155.2
8.31
132.6
8.06
121.9
6.51
117.7
6.71
117.7
6.81
123.4
8.03
125.8
7.76
126.1
7.2
125.2
7.32
119.5
6.87
126.6
8.16
121.6
6.14
132.5
2.97
133.7
2.74
94.2
1.5
71.5
1.72
63.5
1.75
79
1.61
80.4
1.68
66.4
1.44
51.3
1.2
41.9
1.45
40
1.13
36.3
0.85
35.8
0.83
17.5
0.78
12
0.82
12.4
0.97
14.3
1.04
14.4
1.01
15.6
1.04
14.7
1.28
14.4
1.13
14
1.11
7
0.77
10.5
0.94
11.6
1.13
11.7
1.05
12.1
1.05
12.5
1.12
12.8
1.04
10.9
0.96
10.2
1.02
9.6
0.91
9.2
0.92
9.1
0.94
6.9
0.94
7.1
0.96
7.5
0.99
10.1
1.08
16.8
1.11
21.5
1.21
27.3
1.5
23.6
1.18
19.8
1.17
19.6
1.25
17.6
1.25
17.8
1.21
17.8
1.28
17.6
1.57
26.6
1.76
29.7
1.74
39.4
1.69
33.4
1.71
43.4
2.12
44.7
1.6
30.6
1.23
22.7
1.19
15
1.1
12.9
1.29
14
1.38
13.8
1.21
13.4
1.25
17.3
1.58
24.7
2.31
52.9
2.98
44.9
1.64
31.2
1.55
24.5
1.63
18.2
1.3
17.1
1.66
18.8
1.49
15.9
1.19
14
1.16
13.4
1.31
15.1
1.52
26.9
1.91
49.7
2.14
67.4
2.41
75.4
2.44
75.5
2.39
74.4
2.41
82.1
2.35
77.5
2.34
76.3
2.17
72.9
2
63.6
2.09
66.2
2.12
66
2.19
68.3
2.23
72.3
2.29
74.7
2.37
77.2
2.53
83.7
2.61
107
2.67
108
2.66
106.8
2.62
108.8
2.68
114.2
2.43
118.9
2.27
109.2
2.27
95.2
2.23
58.8
1.99
66.3
2
70.7
1.91
73.5
2
75.4
2.04
88.5
2.15
86.6
2
83.6
2.01
80.9
2.03
74.2
2.19
74.6
2.18
72.1
2.01
64.4
2.12
58.6
2.42
61.8
3.27
132
4.45
145.3
2.98
142.6
3.18
127
3.65
173.2
3.93
179.1
4.29
144.1
3.86
129.6
3.53
187.6
4.23
179.5
2.8
144.9
2.54
121.5
2.22
102.2
2.08
62.3
1.59
46.4
1.8
46.7
1.77
52.9
1.95
59.6
2.87
90.3
3.48
159
5.5
266.4
6.23
265.3
7.47
252.1
7.3
279.5
5.23
299.6
4.39
273.4
3.62
221.5
3.69
196.2
3.76
188.9
3.07
139.8
2.99
120.8
2.89
132.6
3.16
133.7
3.3
136.6
3.01
146.2
2.7
171
2.41
136.4
2.25
103.3
2.76
102.4
2.75
112.7
2.66
124.6
2.46
117.6
2.29
109.9
2.35
92.3
2.32
92.6
3.01
115.7
3.64
124.2
3.94
119.2
3.04
145.4
6.97
142.3
5.86
172.2
4.33
205.9
3.93
206
4.32
178.8
5.66
150.7
2.84
159.3
2.64
131.8
1.63
116.3
2.22
88.6
1.63
83.3
2.21
63.9
2.33
54.2
1.54
44.8
1.32
35.4
1.26
30.5
1.24
27.2
1.25
26.8
1.26
27.1
1.3
37.7
1.45
34.4
1.41
30
1.84
61.5
3.29
51.6
1.93
44.8
1.58
35
1.82
29.9
1.91
29.7
1.75
36.4
2.92
53.6
3.23
100.2
5.25
137.1
6.11
146.9
6.1
149.8
5.51
172.9
6.33
173.1
5.85
167.2
5.09
167.6
5.26
182.5
6.03
200
6.49
201.8
6.41
200.7
5.87
199.1
5.04
202.8
6.35
193.5
6.46
197
8.02
196.5
7.84
209.9
7.66
202
7.85
182.9
8.51
193.4
7.68
196.6
8.42
170.3
7.73
165.2
5.34
178.8
3.39
177.7
2.49
158.2
1.86
121.3
1.79
86.5
2.09
77.7
2.29
65.7
1.94
62.3
2.47
56.2
1.97
50.3
1.74
49.6
1.88
49.4
2.32
82.2
2.98
106.8
6.22
111.9
6.2
165.4
4.91
175.4
4.69
166.4
5.35
169.8
6.54
176.9
6.91
187.9
7.26
204.3
8.52
215.5
9.03
227.6
9.91
210.4
8.5
222.4
8.98
215
10.42
210.9
9.82
217.7
12.05
183.6
8.84
217.8
9.24
216.2
10.52
191.1
9.9
198
11.01
219.8
4.93
264.6
9.3
214.3
5.88
234.4
3.19
208.9
2.42
158.5
2.49
78.5
2.45
68.8
3.7
74.7
5.31
79
2.23
70.2
3.14
93.7
4.86
153.7
8.63
138.9
5.59
226.4
6.7
182
5.8
197.5
6.38
177.9
4.83
177.2
6.07
183.5
8.3
210.6
8.44
247.8
7.35
250.7
8.05
244.4
9.51
211.8
7.35
194.6
4.23
178.4
4.51
186.5
6.33
252
6.67
225.7
4.14
119
1.79
101.6
1.76
45.5
1.57
39.3
1.52
37.3
1.62
35.9
1.65
34.6
1.59
34
1.54
30.4
1.47
30.5
1.84
27.6
1.52
27
1.55
26.3
1.45
22.8
1.35
22
1.36
21.2
1.39
22.1
1.54
27.8
1.79
26.4
1.65
29.6
1.99
45
2.16
59.6
2.18
59
2.34
60.9
2.35
63
2.42
71.7
3.19
88.2
3.44
108.5
3.62
132.4
3.61
137.7
3.29
128.7
2.81
99.9
2.2
69.3
1.96
55.2
2.02
60.8
2.73
73.3
2.65
79.1
2.26
66.9
2.1
51.9
2
51.2
2.03
48.1
1.85
47.1
2
42.3
1.82
42.2
1.88
38.2
1.8
36.2
1.89
46.9
2.75
51
2.48
46.3
2.26
69
2.32
53.5
2.17
46.8
2.07
40.1
1.86
38.6
1.82
39.5
1.93
37.2
1.8
35.1
1.74
29.7
1.66
29.1
1.66
28.7
1.63
26.9
1.68
26.9
1.75
26
1.63
29.3
1.94
32.7
2.08
44
2.31
47.5
2.6
52.6
2.48
51.1
2.34
55.5
2.66
54.5
2.44
60.8
2.27
47.1
2.27
67
3.79
82.8
5.03
117.4
3.11
115.9
3.1
167.2
3.24
178.1
2.41
155.4
2.75
131.4
7.23
172.3
3.24
193.1
5.59
216.3
6.97
213.2
6.63
214.5
3.86
137.7
1.78
36.6
1.21
36.7
1.22
36.1
1.21
36.1
1.17
36.5
0.99
32.8
0.9
32.4
0.87
32.2
0.91
32.5
0.9
32.4
0.84
32.7
0.97
44.3
1.43
84.4
1.66
71.3
0.87
59.1
0.78
52.8
0.9
54.6
1.11
55.1
1.02
57.5
1.13
57.2
1.03
55.7
0.96
56.2
1.05
55.7
0.92
53.4
0.99
52.9
0.83
44.5
0.7
45.3
0.91
48.5
0.94
50.4
0.9
55.6
0.99
50.7
0.81
52
1.55
108.4
7.32
189
9.55
260.7
8.73
165.5
3.83
204.7
4.08
217.9
7.19
234.4
9.18
194.8
9.04
236.2
9.45
268.5
9.73
262.7
9.07
302.1
8.52
285.4
7.64
241.2
6.09
92.6
5.48
152.4
6.4
212.8
7.69
235.8
7.97
243.5
7.91
243.5
