0.37
23.1
0.31
26.4
0.28
23.9
0.27
21.2
0.3
17.8
0.47
18.5
0.55
25.2
0.55
30.8
0.55
27.5
0.52
24.9
0.53
24.9
0.5
22.3
0.45
19.8
0.43
17.4
0.4
13.1
0.38
10.6
0.49
11.6
0.17
15.9
0.19
17.8
0.19
18.9
0.23
18.9
0.33
17.4
0.39
22.2
0.34
21.3
0.33
19.7
0.36
17.7
0.36
15.9
0.37
6.8
0.07
6.7
0.08
7.2
0.09
7.8
0.08
9
0.07
8.6
0.09
10.3
0.36
18.1
0.46
21.7
0.49
26.1
0.58
30.9
0.5
35.1
0.67
36.5
0.53
43
0.27
40.8
0.27
38.1
0.28
35.9
0.31
34.6
0.39
34.2
0.42
37.5
0.38
36.5
0.41
37.5
1.17
49.1
2.25
83.2
2.1
117.3
1.13
106
1.37
71.4
0.87
33
1.01
42.1
1.58
49.6
0.92
53
1.62
59
1.53
55.4
2.43
61.1
2.41
56.4
1.56
47.6
1.29
43.7
1.46
40
1.82
34.4
1.39
38.2
1.85
31
1.36
43.5
2.32
29.5
2.46
31.6
2.42
29.5
1.5
25.7
0.96
25.5
1.23
19.5
1.59
25.8
3.37
31.6
2.64
45
1.14
29.6
0.48
18.5
0.62
18.8
3.73
22.2
5.41
36.2
6.1
64.7
5.87
105.1
5.29
91.7
5.41
85.7
5.47
90.6
5.49
92.4
5.03
100.4
4.72
91.4
4.13
77.3
4.7
76.6
5.66
65.7
5
73.2
4.83
75.7
5.28
75.8
5.89
80.1
6.1
90.2
6.07
101.4
6.37
106.4
7.83
110.7
7.97
105.2
8.35
90.2
5.33
105.2
2.26
85.9
4.05
52.4
4.57
44
5.24
56.2
6.81
62.4
8.16
65
9.52
71.8
9.81
101.1
9.37
110.2
8.38
102.4
7.85
103
8.02
75.6
6.44
79.4
5.69
77.5
4.57
71.6
4.12
78.9
1.87
77.1
1.13
47.5
0.97
24.7
0.99
26.3
1.28
60.9
2.41
55.7
2.66
45
1.94
38.3
1.28
41.8
1.85
41.7
1.78
43.8
2
60.1
2.2
67.3
2.78
67.8
2.95
39.6
1.65
55.8
3.72
41
2.91
57.5
1.71
54.4
1.75
39.2
1.47
45.5
1.08
46.7
1.17
32.6
1.09
24.6
0.96
27.2
0.83
16.6
0.73
13.8
0.67
15.5
1.2
26.5
1.05
22.2
1.04
22.1
1.09
21
1.15
27.6
2.02
32.3
1.73
26.7
1.17
25.7
1.38
26.8
1.32
23.5
1.35
23.2
1.31
29.3
1.46
35.3
1.88
48.9
2.3
39.8
2.78
37.2
1.33
30.4
1.01
17.5
0.81
14.1
0.78
12.8
0.75
12.9
0.77
14.2
0.75
15.4
0.85
16.6
0.87
20.4
0.77
22.5
0.75
23
0.77
18.8
0.78
17.8
1.06
19.2
0.96
20.5
0.95
21.4
0.95
21.2
0.94
20.7
1.01
28
1.47
30.8
1.54
29.7
1.21
53.9
2.02
40.3
1.71
43.1
1.37
34.1
1.14
27.4
1.05
22.7
0.98
26.8
1.36
23.6
1.28
25.8
1.04
21.5
1.13
20.2
1.09
20.9
1.18
29.3
1.81
38.1
1.38
30.5
1.29
28.3
1.29
22.5
1.19
18
1.07
20.7
1.02
18.2
0.99
16.3
0.98
16.5
0.96
18.4
1.14
26.7
1.23
46.3
1.27
61.4
1.48
68.4
1.45
72.5
1.67
74.4
1.65
48.7
1.16
83.6
1.67
77.8
1.54
70.7
1.32
65.8
1.32
59.7
1.31
54.1
1.39
63.2
1.57
72.5
1.76
82.9
1.67
85.8
1.65
88.4
1.73
92.6
2.01
93.6
1.85
96.5
1.58
92.6
1.54
87.2
1.62
84.2
1.52
88.3
1.54
85.3
1.46
81.3
1.43
79
1.39
75.9
1.42
73.5
1.43
79.8
1.48
79.9
1.47
74.8
1.44
73.9
1.39
73.6
1.35
46.2
0.6
59.9
2.77
116.9
3.41
110
3.14
145.4
2.84
145.9
2.83
132.7
1.78
117.5
1.86
109.4
1.57
96.6
1.4
81.5
1.53
99.2
2.88
113.3
3.09
104.6
1.75
100.3
3.33
132.1
2.28
110
1.77
130.5
2.59
131
1.69
110.6
1.56
78.2
0.83
61.9
0.55
60.5
0.56
58.2
0.7
64
1.35
86.5
1.67
137.6
1.8
159
1.8
199
4.98
286.4
5.07
289.8
4.73
279.5
3.09
192
1.94
149.5
1.61
118.4
1.27
98.4
1.06
73.6
0.81
63.8
0.71
65.5
0.69
55.3
0.66
48.2
0.64
45.6
0.57
42
0.53
41.8
0.45
41.2
0.44
39.2
0.44
37.8
0.44
37
0.51
37.5
0.51
41.1
0.61
49.4
0.57
51
0.6
52.6
0.8
65.3
0.92
65.9
0.86
71
0.98
64
0.83
59.7
0.74
58.6
0.7
56.5
0.62
50.7
0.6
50.2
0.48
44.4
1.01
46.9
1.03
43.1
0.76
60.1
0.73
66.3
1.07
71
0.79
55.8
1.21
41.4
0.65
31.3
0.48
29.4
0.46
25.2
0.39
23.5
0.4
22.8
0.36
22.8
0.35
23.7
0.39
24.6
0.38
24.7
0.42
25
0.44
25
0.45
26.2
0.49
26.6
0.47
33.9
0.79
35
0.78
36.6
1.12
41.7
1.44
47.5
1.41
50.1
0.85
46.2
1
42.9
1.78
42.7
1.61
56.8
1.97
68.1
2.2
96.1
3.19
79.6
1.99
83.4
2.06
79.1
2.61
91.1
2.51
82.1
2.33
91.1
2.75
76.4
2.28
69.8
2.49
84.9
3.32
88.1
2.9
103.7
3.55
99.2
3.54
104.7
4.14
93.8
4.04
92.4
4
96.3
5.25
105.4
7.35
84.8
6.41
117.8
6.72
113.4
6.74
92.9
6.42
95.6
4.23
107.8
3.49
98.8
2.69
77.7
2.2
68.3
2.06
71.8
1.73
94
2.11
84.4
2.22
73.4
2.22
77.7
2.88
104.6
5.91
101.1
7.07
94.5
6.53
100.4
5.82
108.4
6.53
109.8
8.5
97.4
8.9
98.1
7.7
122.4
8.14
132.3
8.96
114
8.91
102.2
9.04
106.1
9.09
99
8.13
134.7
9.57
146.3
9.43
129.3
9.85
129.3
10.61
129.2
10.65
140.9
9.84
199.2
10.99
149.8
9.9
139.4
9.8
163.6
11.13
150.1
11.22
221.5
9.68
254.9
7.83
184.8
2.93
141
2
77.2
1.45
47.2
3.68
66.6
4.52
116.7
6.05
116
6.96
107.9
7.77
112.7
8.72
130.7
7.57
123.8
8.29
118.6
8.16
123.8
9.3
109.8
8.92
141
8.58
144.8
8.37
130.8
8.5
168.9
8.6
170.1
8.68
187.6
9.28
176.5
8.08
153.1
8.74
136.4
8.48
125.5
6.36
124.9
4.62
126.5
5.72
121.9
5.43
134.4
6.05
113
3.22
93.6
2.57
86.7
1.81
71.3
1.62
56.6
1
34.5
0.77
29.9
0.81
28.3
0.81
28
0.82
31.7
0.63
31.9
0.63
32.6
0.63
31.9
0.6
31.7
0.55
31.5
0.44
30.2
0.44
30.5
0.5
31.5
0.51
31.6
0.5
38.8
0.8
42.3
1.17
53.7
1.24
50.5
0.9
45.7
0.78
41.2
0.43
38.6
0.45
39.1
0.7
70.1
2.76
96.1
2.29
89.8
1.34
81.7
1.26
76.5
1.19
78.9
1.56
85.2
1.89
102.6
2.66
96.7
2.17
71
1.42
57.9
1.18
54.1
0.99
46.1
0.67
46
0.82
43.4
0.68
41.1
0.65
39.5
0.7
44.1
0.95
42
0.82
37.6
0.63
34.1
0.59
40.2
1.07
47.7
1.19
40.9
0.89
38.7
0.84
38.3
0.88
37.9
0.91
44.8
0.93
41.7
0.81
35
0.62
33.3
0.59
33
0.56
34.8
0.5
34.7
0.53
34.5
0.54
34.9
0.57
35.6
0.55
39
0.48
40.1
0.88
42.8
0.85
44.3
0.68
47.4
0.74
54
0.83
54.8
0.75
57.1
1.05
54
1
54.2
1.18
61.7
1.22
61.9
1.14
74.4
1.69
94.7
3.13
138
3.69
127.1
3.66
102.5
6.15
139.6
2.25
123.4
2.24
121.3
2.5
112.4
3.15
122.5
2.78
161.2
3.85
152.4
3.49
195.7
6.24
150.3
5.68
200
2.22
149.2
1.77
56.9
0.87
44.1
0.73
39.5
0.57
39.4
0.61
37.5
0.52
36.2
0.48
35.8
0.55
34.6
0.59
38.7
0.78
47.7
1.41
77.9
2.74
96.5
2.21
130.4
2.19
105.8
2.06
80.1
2.07
71.3
1.61
75.4
1.64
61.8
1.38
70.2
1.48
65.8
1.27
53.8
4.93
86.3
4.17
171.5
3.12
193.9
6.49
156.5
6
177
3.73
186
3.22
184.6
3.88
185.1
4.32
185.8
4.71
185.6
4.84
184.8
5.02
184.8
