2.3
18
2.47
56.8
1.74
77.4
0.89
84.6
0.52
51.8
0.37
25.3
0.26
19.9
0.27
17.6
0.27
15.9
0.27
13.3
0.41
16.9
0.52
25.5
0.68
31.5
0.63
32.6
0.51
32.5
0.41
23.6
0.4
20.5
0.41
20.1
0.39
18.3
0.35
18
0.34
17
0.36
15.8
0.36
15.9
0.37
16.1
0.35
15.6
0.32
13.5
0.33
13
0.36
12.7
0.36
12.5
0.33
11.2
0.28
9.1
0.28
8.5
0.27
7.3
0.26
6.8
0.25
5.9
0.46
11.4
0.52
15.2
0.61
22.3
0.64
26.2
0.65
27.4
1.09
36.1
0.77
35.6
0.79
34.5
0.94
39.8
0.85
39.7
0.85
39.8
0.93
35.8
0.95
33.6
0.71
4.2
0.4
27.5
1.01
33.2
1.87
51.8
2.41
116.4
2.83
148.3
4.35
155.3
4.23
177.5
4.22
194.1
2.56
140.7
1.78
99.8
2.37
84.8
2.65
74.4
3.17
71
2.91
56.8
2.24
55.2
2.31
46.5
2.08
40.6
2.36
40.3
2.55
27
2.38
27.5
1.13
35.9
1.87
19.2
2.72
27.3
2.05
49.2
1.4
39.4
1.1
41.4
1.47
37.3
1.37
32.5
1.06
23.6
2.24
19.4
2.18
24.4
2.28
40.4
2.33
37.3
2.4
39.7
2.63
52.2
3.09
58.8
3.99
59.8
4.51
65.5
4.88
70.8
4.45
73.9
4.71
77.1
4.45
86
4.38
79.1
4.35
78.6
5.42
78.7
6.19
106.2
6.64
117.7
6.67
80.2
6.12
93.6
6.92
105.6
7.87
123.5
7.52
133.4
6.63
107.8
6.65
94.3
7.42
87.2
5.44
93.5
5.5
86.4
7.04
75
5.79
91.1
6.81
85.7
6.2
92.7
6.81
82.2
5.98
82.6
5.33
80.1
6.98
58.7
6.12
87.9
5.38
86.7
5.77
68.4
5.1
122.7
2.17
113.5
1.5
88.3
1.34
44.7
1.28
32.6
1.3
28.8
1.2
28.6
1.08
28.3
1.65
41.1
1.55
44
1.45
45.5
1.48
32.5
1.48
38.6
2.34
51.3
1.87
71
2.88
58.8
1.9
58.3
1.89
38.9
2.49
37.9
3.85
31.5
1.85
50
3.3
33
2.88
63.7
2.57
47.8
1.19
33.6
1.03
25.4
0.92
27.7
1.57
26.6
0.84
25.3
0.7
17.3
0.67
9.2
0.64
8.2
0.64
7.5
0.72
9
0.77
10.2
0.8
11.2
0.8
10.1
0.84
14.2
0.71
11.1
0.68
8.1
0.68
7.6
0.7
9.7
0.8
13.3
1.15
11.9
0.68
10.7
0.74
12.9
0.83
9.3
0.75
10.9
0.4
9.7
0.7
15.9
0.49
12.5
0.38
12.2
0.38
12.4
0.34
12.1
0.3
11.9
0.3
12.1
0.48
16
0.4
21.3
0.46
21
0.79
22
0.98
24.6
0.65
29.6
0.75
23.1
0.78
25.6
0.78
23.9
0.79
27.5
1.74
41.8
1.59
41
1.26
46.5
1.58
45.6
1.49
50
1.33
55.2
1.13
33.4
0.58
23.7
0.65
18.8
0.79
19.5
0.63
16.3
0.87
25.5
0.95
28.6
1.29
43.2
1.04
32.9
0.78
30.8
0.9
20
0.58
19.3
1.17
23.1
0.61
18.1
0.52
19.1
0.81
22.5
0.61
16.4
0.35
15.9
0.38
15.1
0.84
24
0.93
40.9
1.08
57.8
1.38
71.5
1.42
82.8
1.41
82.4
1.45
89.3
1.47
83.3
1.36
76.5
1.26
73.3
1.29
73
1.23
74.9
1.15
72.9
1.15
67.7
1.21
70.5
1.3
74.9
1.46
87.2
1.57
89.2
1.67
90.2
1.64
97.9
1.62
99
1.56
98.6
1.7
93.5
1.58
86.8
1.44
82.3
1.25
74.7
1.27
34.9
0.67
37
0.76
53.3
0.72
58.8
0.72
57.5
0.7
66.7
0.86
66.7
0.81
64.8
0.8
60.8
0.81
62.8
0.82
68.3
0.83
65.2
0.81
62.6
1
76.2
1.57
128.9
4.68
153.9
4.46
142.9
4.35
134.2
4.8
96.4
2.76
113
4.71
132.7
4.63
139
3.53
114.8
2.86
144.2
4.29
138.8
3.45
125.5
2.8
115.8
1.84
87.9
1.52
56.3
1.27
37.1
1.27
37.7
1.24
43.8
1.34
50
1.39
53
1.6
63.4
2.1
147.2
3.97
217.5
5.67
263.9
7.41
247.6
6.47
244.5
4.62
276.2
3.95
224
3.43
191.3
2.92
168.2
2.04
138.3
1.75
175.3
1.94
125.4
1.47
74.1
0.92
36.9
0.76
30.4
1
42.8
2.73
98
2.33
153.4
1.64
71
1.52
38.2
1.5
43.6
1.72
44.1
1.83
51.4
2.98
93.5
2.43
119
4.05
153
2.3
101.2
2.43
74.9
2.47
66.8
2.01
68.3
3.93
127.1
6.44
135.8
6.91
127.8
7
120.3
6.6
142
5.08
101
4.77
158.4
2.72
144.1
1.63
92.1
1.8
70.8
1.68
58.2
1.47
50.7
1.08
48.4
0.95
40.7
0.83
27.4
0.73
25.1
0.76
24.9
0.79
26.2
0.63
26.7
0.67
28.4
0.67
28.6
0.64
28.9
0.62
28.7
0.54
28.1
0.51
27.4
0.51
28.5
0.61
29.9
0.68
44.4
1.75
47.4
1.16
56.8
1.31
41
0.91
39.4
1.02
33.9
0.95
58.8
2.41
75.5
2.13
92
2.75
89.3
2.68
94.6
2.65
101.7
3.26
93.5
2.55
103.7
4.34
97.1
3.68
115.9
3.44
113.9
4.64
96.5
3.69
96
3.8
101.5
5.23
126.6
5.62
134.1
5.22
127.8
5.73
103.1
5.63
102.8
5.79
116.1
6.21
123.2
6.11
120.6
5.13
136.9
5.03
125.8
3.78
130.5
5.72
94.7
3.27
102.8
2.45
87.2
1.96
51.7
1.8
43.5
1.8
39.2
1.85
34.3
2.53
59.2
2.84
87.2
3.74
104.1
7.12
97.9
4.45
130.4
5.02
119.2
5.28
121.6
4.27
125.5
4.74
128.8
6.19
117.7
6.7
140
7.13
122
6.5
132.6
6.54
126
6.38
124.6
5.81
132.9
5.77
140.2
4.83
115.4
6.25
115.4
6.8
138
7.31
118.4
6.84
136.8
9.11
121.9
8.79
138.1
8.83
141.3
8.89
121.1
4.16
109.3
5.21
141.4
4.16
116.6
2.33
111.6
1.99
93.4
2.41
49.4
2.56
43.8
3.43
71.5
4.65
67.4
2.37
78.2
2.33
63.2
5.44
66.8
5.67
110.7
5.75
145.4
3.95
122.2
4.03
146.5
6.57
141.4
5.1
138.9
4.64
134.8
4.86
120.6
5.52
111.3
5.25
120
5.62
102.5
4.27
122.6
5.08
110.9
3.5
117.8
5.78
105.2
5.44
120.6
3.41
113.5
4.07
116.5
5.01
90.9
3.25
81.5
1.9
58.6
1.6
33.9
1.71
24.9
1.55
24
1.57
23.3
1.54
23.4
1.56
23.8
1.5
27.6
1.46
27.7
1.41
27.5
1.38
26.2
1.35
24.9
1.32
24.3
1.28
26.7
0.96
26.8
0.94
26.7
0.91
28
0.89
26.2
0.83
34.1
1
38.2
1.14
43.3
1.26
48.3
1.44
52.7
1.52
47.9
1.3
51.9
1.08
55.5
1.11
60.6
1.15
65.1
1.2
67.1
1.19
61
1.04
64.5
1.14
66.4
1.16
68.9
1.16
72.2
1.14
59.5
1.01
47.5
0.86
45.5
0.77
43.6
0.73
42.4
0.73
42.1
0.74
42.3
0.69
36.6
0.53
33.8
0.5
32.5
0.49
34.4
0.6
35.7
0.65
42.6
0.78
41.4
0.73
38.4
0.7
38
0.71
37.3
0.77
37.4
0.75
42.9
0.7
39.6
0.66
37.6
0.61
36
0.58
36.2
0.57
35.1
0.5
35.8
0.52
36.3
0.53
36.4
0.51
37.4
0.55
42
0.61
44.4
0.61
44.6
0.63
44.6
0.63
51
0.79
54
0.85
58.7
0.83
58.9
0.82
61.1
0.92
65.1
1.28
91.4
4.89
161.2
7.49
187.3
6.73
220.1
8.75
175.2
5.55
176.4
5.24
169.7
5.38
171.7
5.54
160.5
4.99
197.1
3.15
185.4
4.87
164.4
3.9
170.8
2.82
157.8
2.08
105.5
1.99
46.8
1.89
39
1.8
31.4
1.36
31.3
1.32
31.1
1.3
30.4
1.3
29.5
1.22
28.9
1.16
28.3
0.79
27.9
0.79
38.3
1.18
41.6
1.28
54.3
1.39
52.5
1.32
42.8
1
40.4
0.96
38.9
0.93
39.7
1.06
51
1.63
53.7
1.61
53.2
1.49
44.9
1.3
35.3
1.09
31.1
1.03
37.8
1.32
58.2
2.11
82.4
2.27
93.7
2.01
76.3
1.62
59.8
1.38
48
0.87
42.4
0.92
38.1
0.92
36.1
0.93
36.1
0.94
47.5
1.33
53.3
5.04
120.3
6.28
143.3
7.88
211.7
5.69
211.7
