2.32
99.9
1.85
89
1.86
70.1
1.66
63.3
1.59
29
0.22
36.5
0.21
39.7
0.13
25.8
0.2
27
0.18
25.4
0.19
20.5
0.18
17.6
0.16
15.6
0.24
14
0.12
15.4
0.42
15.4
0.35
15.5
0.26
14.4
0.46
14.5
0.36
14.5
0.56
21
0.56
27.1
0.64
28.1
0.62
25
0.6
24
0.55
24.8
0.48
23.4
0.42
22.3
0.39
25.7
0.3
26.4
0.26
15
0.15
22.7
0.26
22.3
0.35
20.3
0.36
18.6
0.46
19.6
0.52
17.7
0.48
17.7
0.82
21
0.97
24.4
0.79
25.5
0.7
31.4
0.71
35.2
0.9
34.9
0.8
35.5
0.75
34.3
0.91
29.5
1.07
28.7
0.77
28.8
0.77
26
1.18
37
3.44
90.2
3.29
169.3
3.62
158
3.27
160.4
3.25
177.8
3.28
170.9
2.09
150.7
1.37
115
1.64
85.5
1.96
87.7
2.35
91.2
2.7
72.5
1.88
64
1.74
45.2
1.96
53.5
1.5
32.2
1.17
23.5
0.8
26.9
0.81
27.6
0.61
23.3
0.98
29.6
2.57
25
2.71
21.6
1.99
29.2
1.05
36.2
1.23
17.8
0.81
13.5
1.33
12.7
1.13
10.7
1.32
11.3
0.98
17.6
1.45
13.9
1.27
18
2.86
27.4
4.16
39.4
4.03
85.2
4.16
83.9
4.82
86.5
5.04
98.2
4.59
103.1
2.96
102.2
3.17
82.3
3.35
82.6
4.31
63.4
4.87
68.2
5.53
89.2
5.36
114.6
6.85
118.7
6.72
107.3
6.05
116.6
6.07
117.3
5.89
112.9
5.65
105.8
5.32
108.2
7.22
83.1
7.26
102.2
7.14
115.3
5.82
90.6
4.87
82.3
4.56
93.1
3.28
101.7
7.88
93.1
8.76
115.4
6.02
138.2
6.9
62.4
5.01
73.4
3.43
109.4
0.92
80.1
0.71
15.4
0.61
9.1
0.69
9.9
0.92
19.9
1.01
25.4
1.12
26.3
2.54
48.1
1.24
53.1
1.24
49
1.53
31.7
0.99
32.1
1.02
28.1
0.83
24
1.42
31.1
1.59
41.5
0.98
41.4
0.73
33.4
0.66
25.8
0.99
27.4
0.79
27.2
1.71
30.2
1.51
36.4
1.27
32.9
0.9
32.3
1.11
26.5
1.35
28
0.77
25
0.69
18
0.57
10
0.57
8.5
0.59
8.2
0.61
9.4
0.72
9.2
0.78
9.3
0.92
14.6
1.2
21
1.02
12.9
0.82
10
0.73
8.6
0.8
9.6
1.15
12.9
1.19
11.8
0.84
10.7
0.75
8.4
0.83
7.7
0.67
7.5
1.19
14.6
1.61
9.9
0.73
8.8
0.7
8.3
0.7
8
0.81
8.4
1.03
10.8
0.91
17.3
0.99
21
1.21
22
1.33
27.5
1.17
24.6
1.2
23.5
1.19
28.4
1.47
27.7
1.13
27.2
1.2
27
1.41
29.1
1.28
29.9
1.02
26.5
1.21
18.7
0.55
9.8
0.55
10.9
1.11
24.5
2.23
52.9
2.19
51
2.24
56.3
2.47
60.9
1.98
64.5
3.36
75.2
3.22
84.3
3.34
87
3.16
64.9
1.47
42.2
1.07
27.5
1.37
25.8
1.36
23.8
1.56
24.5
1.69
19.1
1.06
14.5
0.94
11.3
0.9
9.8
0.91
9.8
0.94
13.5
1.3
19.3
1.44
34.1
1.78
47.8
1.94
57.2
2.13
64.7
2.11
65.3
2.11
70.1
2.14
67.2
2.04
64
1.99
62.4
1.88
56.3
1.79
54.8
1.8
46.5
1.94
46.6
1.94
50.4
2
52.6
2.12
55
2.21
58.6
2.23
73.9
2.32
74.4
2.19
70.9
1.97
67.9
1.88
65
1.89
60.3
1.84
58.8
1.72
54.2
1.67
53.9
1.6
53.1
1.59
50.4
1.55
50.2
1.53
48.7
1.6
46.7
1.64
45.8
1.69
47.8
1.87
53.9
2.13
55
2.25
64.6
3.15
104.2
5.74
176
8.77
222.9
8.57
232.7
7.1
236.9
7.67
152.9
5.12
199.6
5.54
198.1
6.61
167.4
4.9
165.6
4.7
177.5
5.59
157.6
4.36
142.5
3.2
122.7
2.25
103.8
1.99
85.9
1.74
67.1
1.59
51.9
1.84
49.7
1.67
46.8
1.62
47.7
1.57
44.7
2.02
54.6
2.34
86.6
4.41
123.6
6.08
183.2
5.05
184.1
4.58
245.4
4.35
240.2
3.89
207.5
3.09
188.1
3.29
168.6
2.19
133.4
2.45
107
2.22
97.1
2.24
92
2.48
88.6
2.26
80.8
1.84
72.5
1.93
83.2
2.84
106.4
3.12
116.4
3.05
129
2.88
128.1
3.26
134.6
4.44
175.4
5.91
258.1
3.8
260.2
5.2
227.2
3.02
180.9
3.47
122.8
2.82
99.4
4.07
106.6
5.04
108.4
6.41
133.5
3.74
121
2.61
112.7
3.76
90.4
3.96
118.1
2.26
101.3
1.85
93.7
1.79
64.5
1.32
52.3
1.45
38
1.99
36.4
1.84
30.2
1.29
25.1
1.05
21.1
1.05
14.8
1.18
14.1
1.22
15.3
1.48
35.9
2.81
40.6
2.13
45.4
2.03
39.9
1.93
38.6
2.23
36.5
1.75
27.5
2.06
30.4
2.57
50.5
2.6
61.7
2.3
51.9
2.11
46.8
2.07
47.1
2.53
60.4
3.08
63.1
2.68
47.1
1.95
43.9
1.98
21.5
1.77
38.3
2.95
47.2
2.51
58.9
3.23
52.4
2.29
60.9
3.43
56.9
2.25
84.4
3.07
64
2.45
59.9
2.86
55.8
1.99
72.8
4.28
95.6
2.99
100.6
3.94
84.2
3.8
79.8
2.98
86.1
3.59
92.8
4.13
97.3
4.85
106.7
7.15
97.2
5.14
119.5
4.37
124.4
4.66
106.2
3.96
103.8
2.2
99.5
1.96
56
1.43
38.1
2.13
34.4
1.43
61.8
2.77
75.8
4.38
96.5
8.42
97.3
7.41
153.1
4.12
140.7
6.15
136.3
5.65
125.4
4.67
141.4
6.91
121
7.6
137.7
8.55
138
6.08
150
6.91
157.3
10.68
165
10.37
146
9.11
173.6
7.95
159.8
7.92
143
8.13
137
8.05
141.8
9
96.2
6.54
139.4
6.21
170.8
6.66
137
6.73
113.5
7.79
107.8
8.06
105.6
4.87
154
6.12
132.1
4.32
136.9
1.58
99.1
1.85
53.1
1.6
39.2
1.82
42.1
1.93
39.6
1.7
57.6
2.39
59.2
3.75
104.7
6.85
100.8
4.59
115.2
3.04
111.9
4.15
121.5
4.03
107.2
3.03
100.1
3.69
92.9
4.66
121.7
5.42
118.6
5.14
128.6
5.92
134.7
6.44
139.4
6.64
142
7.91
149.8
4.74
159.6
4.04
106.3
2.85
103.8
3.55
103.7
2.75
84.6
1.53
77.8
1.43
55.6
1.34
30.9
1.32
21.9
1.39
19.7
1.45
19.6
1.47
19.8
1.4
19.7
1.41
19.3
1.23
14.9
1.35
13.7
1.42
13.6
1.4
14.9
1.41
14.6
1.39
15.7
1.45
20.2
1.4
19.6
1.37
16.5
1.35
15.4
1.44
16.4
1.56
17.8
1.61
23.3
1.86
24.4
2.21
33.8
1.68
29.7
1.71
28.6
1.79
29.2
2.04
35.2
1.8
33.2
1.8
33.2
1.89
31.8
1.82
48.7
2.88
57.6
2.76
63.9
2.77
51.5
2.03
35.7
1.98
34.4
1.98
33.6
1.66
28.5
1.62
25.8
1.61
22.5
1.8
24.6
1.9
27
1.86
33.5
1.88
28.9
1.87
29.2
1.83
29
1.78
22.7
1.8
28.1
1.63
22.2
1.6
21.1
1.65
18.4
1.57
19.4
1.65
20.3
1.68
20.3
1.67
20.4
1.66
20.1
1.72
20.2
1.68
22.3
1.7
23.3
1.95
23.5
1.93
27
1.88
29.6
2.18
32.9
2.2
46.5
2.15
48.8
2.08
43.2
1.85
41.3
2
37.5
2.05
38.2
2.85
91.6
7.04
167.1
10.3
184.6
7.73
176
4.28
187.2
6.02
148.8
5.31
159
4.04
157.1
2.93
163.6
3.68
173.7
9.92
175.9
9.39
187.8
5.2
238.4
2.07
170.5
1.69
64.5
1.69
31.4
1.71
31.3
1.69
30.2
1.67
28.7
1.63
25.3
1.57
23.5
1.63
24
1.7
23.5
1.66
41
3.16
38.4
2.49
40
2.17
48.1
2.31
37.8
2.18
39.5
2.52
35.9
1.99
41.6
1.9
45.9
2.93
79.7
2.62
83
2.07
49
1.82
24.1
1.92
73.9
2.11
75.6
2.17
77.3
3.82
80.8
3.02
69.4
1.88
53.7
3.02
81.1
6.21
90
6.33
94.1
5
122.3
4.49
148.3
6.36
161.2
7.51
168.4
7.05
164.6
6.88
179.8
8.38
183.5
9.22
188.8
9.6
175.8
9.6
158.1
8.78
146.7
6.69
187.8
5.26
197
9.15
197

